Argument,Label
a0,out
a1,out
a10,out
a11,in
a12,in
a13,in
a14,out
a15,out
a16,in
a2,out
a3,in
a4,out
a5,out
a6,out
a7,in
a8,out
a9,in
