Argument,Label
a0,in
a1,out
a10,out
a11,in
a12,out
a13,in
a14,out
a15,out
a16,out
a17,in
a18,out
a19,out
a2,out
a20,out
a21,out
a22,out
a23,in
a24,out
a25,out
a26,in
a27,out
a28,in
a29,in
a3,out
a30,in
a31,out
a32,out
a33,in
a34,in
a35,out
a36,out
a37,out
a38,out
a39,in
a4,in
a40,out
a41,out
a42,out
a43,out
a44,out
a45,in
a46,out
a47,out
a48,out
a49,out
a5,out
a50,in
a51,out
a52,in
a53,in
a54,in
a55,out
a56,out
a57,out
a58,in
a59,out
a6,out
a60,in
a61,in
a62,out
a63,out
a64,in
a65,in
a66,out
a67,in
a68,in
a69,out
a7,out
a70,out
a71,out
a72,out
a73,out
a74,out
a75,out
a76,out
a77,in
a78,out
a79,out
a8,out
a80,out
a81,out
a82,out
a83,out
a84,in
a85,out
a86,out
a87,out
a88,out
a89,out
a9,in
